Accuracy : 0.7846675712347354
Precision : 0.8000815788894899
Recall : 0.7590230664857531
F1 : 0.7789935276501356
