Accuracy : 0.004959475409090102
Precision : 0.005818314174121373
Recall : 0.00700324987818939
F1 : 0.0052727644320294635
