Accuracy : 0.5956580732700135
Precision : 0.8373205741626795
Recall : 0.23744911804613297
F1 : 0.3699788583509514
