Accuracy : 0.7985074626865671
Precision : 0.8780068728522338
Recall : 0.6933514246947082
F1 : 0.7748294162244125
