Accuracy : 0.8206241519674355
Precision : 0.825214845552512
Recall : 0.8135685210312076
F1 : 0.8193361422282528
