Accuracy : 0.0029603017950164687
Precision : 0.0016348933610254052
Recall : 0.006789685754787964
F1 : 0.0036181579049174286
