Accuracy : 0.7998643147896879
Precision : 0.879725085910653
Recall : 0.694708276797829
F1 : 0.7763457164518575
