Accuracy : 0.0018405237403324932
Precision : 0.003026388638408454
Recall : 0.006789685754787922
F1 : 0.002622648498568841
