Accuracy : 0.7782903663500679
Precision : 0.7769668881415629
Recall : 0.7807327001356852
F1 : 0.7788187623306422
