Accuracy : 0.5922659430122117
Precision : 0.8366336633663366
Recall : 0.22930800542740842
F1 : 0.3599574014909478
