Accuracy : 0.6363636363636364
Precision : 0.7815126050420168
Recall : 0.378561736770692
F1 : 0.5100548446069469
