Accuracy : 0.003135473543634036
Precision : 0.005276939393428144
Recall : 0.0019941571854408414
F1 : 0.002650063368698175
