Accuracy : 0.8261872455902306
Precision : 0.8289904168227649
Recall : 0.8219810040705564
F1 : 0.8254601837515784
