Accuracy : 0.6275440976933514
Precision : 0.8587786259541985
Recall : 0.30529172320217096
F1 : 0.45045045045045046
