Accuracy : 0.7770691994572592
Precision : 0.7753636024088577
Recall : 0.780189959294437
F1 : 0.7777579326330945
