Accuracy : 0.003501624939094707
Precision : 0.0038569110289457353
Recall : 0.005494832220167298
F1 : 0.0036920951826091915
