Accuracy : 0.658751696065129
Precision : 0.8162162162162161
Recall : 0.4097693351424695
F1 : 0.5456187895212286
