Accuracy : 0.7340569877883311
Precision : 0.8498985801217038
Recall : 0.5685210312075983
F1 : 0.6813008130081301
