Accuracy : 0.840976933514247
Precision : 0.8419193068525981
Recall : 0.8396200814111262
F1 : 0.8407559686638688
