Accuracy : 0.002254172011646694
Precision : 0.0028713713550624735
Recall : 0.0049594754090901425
F1 : 0.0025089854181408254
