Accuracy : 0.7265943012211669
Precision : 0.8711111111111111
Recall : 0.5318860244233379
F1 : 0.6604886267902275
