Accuracy : 0.010810810810810832
Precision : 0.009634848626421253
Recall : 0.02954195783503986
F1 : 0.01652110832583708
