Accuracy : 0.6882882882882883
Precision : 0.6932638588702612
Recall : 0.6654545454545454
F1 : 0.6787326544873714
