Accuracy : 0.7207207207207207
Precision : 0.6538461538461539
Recall : 0.9272727272727274
F1 : 0.7669172932330827
