Accuracy : 0.7927927927927928
Precision : 0.7285714285714285
Recall : 0.9272727272727274
F1 : 0.8160000000000001
