Accuracy : 0.0
Precision : 0.0
Recall : 1.1102230246251565e-16
F1 : 1.1102230246251565e-16
