Accuracy : 0.6072072072072071
Precision : 0.3908945016048235
Recall : 0.4581818181818182
F1 : 0.41981260897880296
