Accuracy : 0.08745701693341694
Precision : 0.3208877534279077
Recall : 0.3774468382467647
F1 : 0.34322524726702636
