Accuracy : 0.08323466279244035
Precision : 0.24426926450913708
Recall : 0.3463910750286504
F1 : 0.2736537639186134
