Accuracy : 0.5927927927927927
Precision : 0.47608092140727465
Recall : 0.6509090909090909
F1 : 0.5420407192702633
