Accuracy : 0.02307432157633457
Precision : 0.019381955633238163
Recall : 0.0424069228716022
F1 : 0.02317026923810805
