Accuracy : 0.7945945945945946
Precision : 0.7405753968253969
Recall : 0.9018181818181817
F1 : 0.8128205577785014
