Accuracy : 0.03399632840380759
Precision : 0.03387232225278267
Recall : 0.03332782323604249
F1 : 0.02683382274229316
