Accuracy : 0.7783783783783782
Precision : 0.7186384544329062
Recall : 0.9127272727272727
F1 : 0.8035147841052368
