Accuracy : 0.8
Precision : 0.7679658128851006
Recall : 0.8545454545454545
F1 : 0.808849147100093
