Accuracy : 0.018374845094028067
Precision : 0.015452763684008457
Recall : 0.025712973861328977
F1 : 0.018433159786659728
