Accuracy : 0.7837837837837838
Precision : 0.7183098591549296
Recall : 0.9272727272727274
F1 : 0.8095238095238095
