Accuracy : 0.8063772048846676
Precision : 0.797124835630028
Recall : 0.8219810040705564
F1 : 0.8093561073744325
