Accuracy : 0.003553812986081084
Precision : 0.004576799059203634
Recall : 0.003021853114154717
F1 : 0.003232644852504047
