Accuracy : 0.6194029850746269
Precision : 0.825925925925926
Recall : 0.30257801899592945
F1 : 0.44289970208540214
