Accuracy : 0.7978290366350068
Precision : 0.8765008576329331
Recall : 0.6933514246947082
F1 : 0.7742424242424243
