Accuracy : 0.004363076035498913
Precision : 0.0055890465997645855
Recall : 0.003779752585395996
F1 : 0.0041026535348757005
