Accuracy : 0.8529172320217097
Precision : 0.8430742157608899
Recall : 0.8672998643147898
F1 : 0.8550081309016239
