Accuracy : 0.8012211668928086
Precision : 0.8737373737373737
Recall : 0.7042062415196744
F1 : 0.7798647633358378
