Accuracy : 0.0
Precision : 0.24494897427831783
Recall : 0.48989794855663565
F1 : 0.3265986323710904
