Accuracy : 0.016513786288129134
Precision : 0.0138293360585531
Recall : 0.026721706284907408
F1 : 0.01981162179054647
