Accuracy : 0.7459459459459459
Precision : 0.7636197422365173
Recall : 0.7054545454545454
F1 : 0.7332610715629583
