Accuracy : 0.7567567567567568
Precision : 0.6891891891891891
Recall : 0.9272727272727274
F1 : 0.7906976744186046
