Accuracy : 0.7837837837837838
Precision : 0.7313432835820896
Recall : 0.8909090909090909
F1 : 0.8032786885245902
