Accuracy : 0.012220414384009518
Precision : 0.016481555638906
Recall : 0.013606026860996155
F1 : 0.012469064865833112
