Accuracy : 0.7423423423423423
Precision : 0.7642156862745098
Recall : 0.6945454545454546
F1 : 0.7276267238897758
