Accuracy : 0.7927927927927928
Precision : 0.7222222222222222
Recall : 0.9454545454545455
F1 : 0.8188976377952756
