Accuracy : 0.0029227488776849522
Precision : 0.0024152778168071505
Recall : 0.004324932822390544
F1 : 0.003072984190624223
