Accuracy : 0.8149253731343282
Precision : 0.8032388746768199
Recall : 0.8341926729986431
F1 : 0.8184201859229748
