Accuracy : 0.6383989145183175
Precision : 0.8377483443708609
Recall : 0.34328358208955223
F1 : 0.48700673724735316
