Accuracy : 0.8364993215739485
Precision : 0.8974358974358975
Recall : 0.7598371777476255
F1 : 0.8229243203526819
