Accuracy : 0.8594301221166892
Precision : 0.858258530486799
Recall : 0.8610583446404341
F1 : 0.8596513533990666
