Accuracy : 0.004320673901788491
Precision : 0.0035016440824889913
Recall : 0.006104326664424413
F1 : 0.00454351186089637
