Accuracy : 0.8371777476255089
Precision : 0.8828967642526966
Recall : 0.7774762550881954
F1 : 0.8268398268398268
