Accuracy : 1.1102230246251565e-16
Precision : 1.1102230246251565e-16
Recall : 0.0
F1 : 0.0
