Accuracy : 0.7765765765765765
Precision : 0.8018367559343644
Recall : 0.7309090909090911
F1 : 0.7641518808002966
