Accuracy : 0.017469116603302085
Precision : 0.026448056769019578
Recall : 0.0290909090909091
F1 : 0.0185004301569414
