Accuracy : 0.5495495495495496
Precision : 0.6923076923076923
Recall : 0.16363636363636364
F1 : 0.2647058823529412
