Accuracy : 0.7477477477477478
Precision : 0.7014925373134329
Recall : 0.8545454545454545
F1 : 0.7704918032786885
