Accuracy : 0.006741725021214323
Precision : 0.00994223118054784
Recall : 0.0145454545454545
F1 : 0.0071932176740981645
