Accuracy : 0.827027027027027
Precision : 0.8232854864433813
Recall : 0.8290909090909091
F1 : 0.826054450137019
