Accuracy : 0.7657657657657657
Precision : 0.6986301369863014
Recall : 0.9272727272727274
F1 : 0.796875
