Accuracy : 0.6702702702702703
Precision : 0.680266328011611
Recall : 0.6327272727272727
F1 : 0.6553985777032688
