Accuracy : 0.016709222514406673
Precision : 0.02224374276352574
Recall : 0.01781447085660494
F1 : 0.015744218771344277
