Accuracy : 0.6216216216216216
Precision : 0.6585365853658537
Recall : 0.4909090909090909
F1 : 0.5625
