Accuracy : 0.5945945945945946
Precision : 0.5862068965517241
Recall : 0.6181818181818182
F1 : 0.6017699115044248
