Accuracy : 0.6846846846846846
Precision : 0.686986161986162
Recall : 0.6690909090909092
F1 : 0.6777901626225384
