Accuracy : 0.022791190343555902
Precision : 0.026431018190976794
Recall : 0.0212034614358011
F1 : 0.021960786095397374
