Accuracy : 0.6036036036036037
Precision : 0.5846153846153846
Recall : 0.6909090909090909
F1 : 0.6333333333333333
