Accuracy : 0.009187422547014016
Precision : 0.016397413099294364
Recall : 0.018541889140337407
F1 : 0.009613238650509533
