Accuracy : 0.6702702702702702
Precision : 0.6906969309462915
Recall : 0.6072727272727273
F1 : 0.6459584408706488
