Accuracy : 0.4864864864864865
Precision : 0.48863636363636365
Recall : 0.7818181818181819
F1 : 0.6013986013986014
