Accuracy : 0.5135135135135135
Precision : 0.5070422535211268
Recall : 0.6545454545454545
F1 : 0.5714285714285714
