Accuracy : 0.6288288288288288
Precision : 0.636046820405311
Recall : 0.5890909090909091
F1 : 0.6113963644898
