Accuracy : 0.025734877219974226
Precision : 0.03064519971311595
Recall : 0.02466301812045553
F1 : 0.024610330157064306
