Accuracy : 0.4954954954954955
Precision : 0.49367088607594944
Recall : 0.7090909090909091
F1 : 0.582089552238806
