Accuracy : 0.020857363788811218
Precision : 0.016031292008755766
Recall : 0.03128118278924592
F1 : 0.02372171153714955
