Accuracy : 0.763963963963964
Precision : 0.7724092888243831
Recall : 0.7418181818181818
F1 : 0.756711664935964
