Accuracy : 0.8018018018018018
Precision : 0.726027397260274
Recall : 0.9636363636363636
F1 : 0.828125
