Accuracy : 0.7837837837837838
Precision : 0.746031746031746
Recall : 0.8545454545454545
F1 : 0.7966101694915254
