Accuracy : 0.8198198198198197
Precision : 0.8279055675282091
Recall : 0.8036363636363637
F1 : 0.8155161607789576
