Accuracy : 0.012740662724081918
Precision : 0.016256328804439408
Recall : 0.013606026860996155
F1 : 0.012717067626577639
