Accuracy : 0.7927927927927928
Precision : 0.75
Recall : 0.8727272727272727
F1 : 0.8067226890756303
